50
3	4	48	30
2	4	24	25
2	2	12	20
6	2	6	15
100	100
100
22:20:00	1.3	46	107	1
17:32:00	2.2	186	129	1
08:25:00	4.8	69	126	2
18:41:00	1.4	91	42	2
23:59:00	0.2	298	197	1
06:25:00	0.9	95	14	1
11:48:00	1.5	183	72	1
19:30:00	2.3	218	181	1
00:20:00	0.1	164	39	2
01:52:00	4.7	84	49	1
14:05:00	2.5	54	169	1
15:31:00	0.1	28	13	1
02:18:00	2.2	68	138	1
14:30:00	0.8	157	172	2
19:24:00	4.7	265	31	1
12:45:00	1.6	162	198	2
13:43:00	0.1	57	30	2
01:21:00	4.9	225	17	1
16:09:00	1.3	169	6	2
12:57:00	3.5	39	58	1
02:13:00	2.8	19	167	1
09:57:00	4.6	11	158	1
06:03:00	4.4	215	97	1
04:20:00	3	161	161	1
05:26:00	1.9	141	11	1
12:49:00	3.4	300	99	1
07:03:00	0.8	252	10	1
08:40:00	1.2	120	194	1
14:38:00	4.5	36	153	2
09:53:00	1.6	110	27	1
08:40:00	1.8	217	61	2
22:58:00	3.6	220	76	1
22:19:00	4.4	196	162	1
10:39:00	1.9	58	150	1
07:07:00	1.7	296	1	1
08:02:00	1.4	120	199	1
18:32:00	2.9	54	59	1
12:38:00	0.5	282	45	1
22:21:00	4	26	180	1
10:01:00	0.1	71	41	1
12:09:00	2.3	248	91	1
21:40:00	4.4	123	59	1
12:21:00	4.9	263	31	2
02:04:00	0.4	169	122	2
12:12:00	4.9	3	121	2
12:10:00	3.2	66	49	1
11:11:00	4.6	263	57	1
01:28:00	2.5	71	114	1
07:22:00	0.8	94	70	1
22:24:00	2.7	22	54	1
06:47:00	1.5	154	102	1
20:49:00	4.4	5	97	1
06:15:00	1.1	135	42	1
12:41:00	2	222	5	1
05:14:00	0.6	215	96	1
21:03:00	1.5	271	116	1
05:31:00	1.5	84	39	1
10:39:00	4.4	64	66	2
09:01:00	1.8	244	144	2
11:45:00	3	100	74	1
09:38:00	0.9	142	162	2
12:17:00	3.4	10	196	1
13:51:00	3.5	21	81	1
00:04:00	3.5	250	55	1
12:21:00	2.6	101	53	1
03:00:00	2.2	88	190	1
01:29:00	4.5	35	103	1
18:45:00	4.8	299	33	1
13:56:00	3.9	53	29	1
03:45:00	0.8	2	32	1
20:27:00	4.3	233	61	1
01:55:00	2.5	112	149	1
14:27:00	0.7	270	153	2
16:01:00	4.8	116	129	2
03:30:00	1	198	20	1
01:10:00	2	129	164	1
04:30:00	1.7	292	95	1
08:26:00	0.4	153	123	2
00:38:00	2.2	135	60	1
07:22:00	3.8	121	44	1
04:15:00	1.8	122	4	2
07:59:00	1.6	268	112	1
05:36:00	0.1	225	139	1
19:21:00	1.4	177	31	1
13:11:00	0.8	275	76	2
03:22:00	0.3	108	177	1
18:51:00	0.6	165	64	2
15:26:00	4.7	296	156	2
21:07:00	4.9	127	183	1
07:07:00	3.6	9	156	2
15:50:00	4	122	104	1
16:00:00	1.7	103	191	1
18:31:00	4.5	174	8	2
15:42:00	0.7	243	58	1
15:55:00	4.9	234	177	1
14:39:00	0.3	243	171	1
04:50:00	1.3	231	47	1
03:29:00	4.7	35	71	1
21:13:00	4.5	237	199	2
15:02:00	2.5	86	88	2