50
2	4	48	30
4	4	24	25
4	2	12	20
6	2	6	15
100	100
100
03:26:00	3.3	186	129	1
03:18:00	2.2	46	107	1
17:38:00	1.8	69	126	2
07:12:00	1.6	91	42	2
21:25:00	0.1	298	197	1
18:37:00	1.1	95	14	1
06:23:00	1.8	183	72	1
07:52:00	3.1	218	181	1
18:15:00	4	164	39	2
22:39:00	3.2	84	49	1
10:03:00	1.1	54	169	1
17:20:00	3.4	28	13	1
22:05:00	4	68	138	1
16:30:00	1.4	157	172	2
18:57:00	3.9	265	31	1
12:29:00	3.5	162	198	2
08:31:00	3.5	57	30	2
13:20:00	3.7	225	17	1
04:35:00	2.7	169	6	2
07:43:00	0.8	39	58	1
17:30:00	1.8	19	167	1
10:53:00	2.1	11	158	1
05:07:00	4.2	215	97	1
01:26:00	0.9	161	161	1
07:14:00	3.1	141	11	1
20:22:00	4.4	300	99	1
13:31:00	3.5	252	10	1
07:40:00	2.3	120	194	1
11:24:00	2.6	36	153	2
07:56:00	4.8	110	27	1
15:19:00	3.2	217	61	2
19:52:00	1.7	220	76	1
22:54:00	4.4	196	162	1
03:01:00	4.2	58	150	1
05:50:00	0.6	296	1	1
00:52:00	1.7	120	199	1
23:51:00	3.2	54	59	1
18:03:00	4.9	282	45	1
00:10:00	4.3	26	180	1
05:44:00	2.4	71	41	1
19:02:00	2.7	248	91	1
06:52:00	4.6	123	59	1
06:29:00	3.9	263	31	2
18:35:00	0.6	169	122	2
11:11:00	1.9	3	121	2
06:38:00	2.7	66	49	1
03:19:00	1.1	263	57	1
17:18:00	3	71	114	1
17:25:00	3	94	70	1
13:02:00	4.8	22	54	1
08:29:00	2.4	154	102	1
12:13:00	0.1	5	97	1
15:33:00	2.9	135	42	1
02:57:00	4.4	222	5	1
06:35:00	4.8	215	96	1
08:43:00	3.4	271	116	1
04:30:00	4	84	39	1
10:46:00	0.4	64	66	2
07:38:00	2.9	244	144	2
12:09:00	2.4	100	74	1
04:07:00	4.6	142	162	2
07:36:00	1.2	10	196	1
12:03:00	2	21	81	1
01:17:00	3.1	250	55	1
23:09:00	3	101	53	1
15:47:00	1.3	88	190	1
19:12:00	0.9	35	103	1
05:50:00	4.8	299	33	1
01:05:00	0.6	53	29	1
01:42:00	3.8	2	32	1
12:21:00	0.1	233	61	1
14:22:00	0.8	112	149	1
21:47:00	2.6	270	153	2
21:12:00	0.4	116	129	2
06:55:00	4.7	198	20	1
15:44:00	1.6	129	164	1
09:08:00	3.8	292	95	1
15:39:00	3.1	153	123	2
13:42:00	2.3	135	60	1
05:56:00	4.8	121	44	1
01:39:00	4.9	122	4	2
05:11:00	2	268	112	1
21:50:00	1.2	225	139	1
22:47:00	0.4	177	31	1
03:05:00	0.1	275	76	2
03:53:00	4.4	108	177	1
14:12:00	0.4	165	64	2
06:05:00	2.5	296	156	2
06:16:00	3.7	127	183	1
20:11:00	4.3	9	156	2
12:05:00	2.4	122	104	1
11:26:00	5	103	191	1
21:35:00	0.5	174	8	2
15:52:00	0.3	243	58	1
02:05:00	3.7	234	177	1
03:16:00	0.8	243	171	1
03:19:00	2.7	231	47	1
08:31:00	0.3	35	71	1
03:39:00	1.7	237	199	2
06:09:00	3.2	86	88	2