50
2	4	48	30
4	4	24	25
4	2	12	20
6	2	6	15
100	100
100
20:41:00	1.9	46	107	1
22:47:00	1.2	186	129	1
15:35:00	1.1	69	126	2
12:49:00	0.8	91	42	2
00:17:00	2.2	298	197	1
22:47:00	4.4	95	14	1
16:44:00	1.7	183	72	1
05:01:00	3.7	218	181	1
13:53:00	4.1	164	39	2
11:30:00	4.6	84	49	1
15:14:00	4.1	54	169	1
08:48:00	2.9	28	13	1
05:57:00	3.1	68	138	1
14:42:00	2.6	157	172	2
05:18:00	2.6	265	31	1
04:02:00	3.5	162	198	2
03:48:00	0.2	57	30	2
14:09:00	1.9	225	17	1
12:33:00	2	169	6	2
01:58:00	1.9	39	58	1
17:58:00	4.3	19	167	1
02:12:00	1.6	11	158	1
09:09:00	0.6	215	97	1
05:32:00	3.4	161	161	1
11:36:00	0.7	141	11	1
12:55:00	2.8	300	99	1
15:50:00	1.7	252	10	1
12:50:00	0.2	120	194	1
00:33:00	4.6	36	153	2
08:34:00	1.1	110	27	1
11:17:00	4.5	217	61	2
13:40:00	1.7	220	76	1
06:11:00	0.1	196	162	1
13:33:00	2.3	58	150	1
20:25:00	1.6	296	1	1
09:59:00	3	120	199	1
05:04:00	3.6	54	59	1
04:42:00	0.7	282	45	1
21:23:00	1.4	26	180	1
03:04:00	3.1	71	41	1
14:51:00	2.1	248	91	1
07:01:00	4.3	123	59	1
01:17:00	2.5	263	31	2
14:17:00	2	169	122	2
14:11:00	0.4	3	121	2
05:44:00	1.6	66	49	1
09:45:00	2.7	263	57	1
18:22:00	2.5	71	114	1
04:03:00	4.5	94	70	1
03:09:00	3.6	22	54	1
23:18:00	2.3	154	102	1
13:32:00	2.2	5	97	1
18:48:00	2.8	135	42	1
04:14:00	1	222	5	1
13:19:00	0.1	215	96	1
05:23:00	3.1	271	116	1
10:25:00	4.5	84	39	1
16:35:00	1.8	64	66	2
08:47:00	2.5	244	144	2
02:16:00	3.4	100	74	1
06:33:00	4.2	142	162	2
10:06:00	1.9	10	196	1
01:43:00	0.4	21	81	1
13:27:00	3.1	250	55	1
10:08:00	2.6	101	53	1
20:58:00	0.3	88	190	1
10:23:00	0.4	35	103	1
05:17:00	4.8	299	33	1
09:49:00	3	53	29	1
08:45:00	2.3	2	32	1
18:23:00	0.4	233	61	1
11:54:00	4.3	112	149	1
06:55:00	4.9	270	153	2
03:10:00	0.4	116	129	2
17:16:00	2	198	20	1
22:07:00	4.3	129	164	1
20:51:00	1.5	292	95	1
09:42:00	2.9	153	123	2
07:36:00	4.6	135	60	1
04:47:00	3.4	121	44	1
06:56:00	1.4	122	4	2
07:46:00	4.5	268	112	1
07:14:00	3.8	225	139	1
10:36:00	3.2	177	31	1
08:33:00	2.3	275	76	2
13:50:00	4.3	108	177	1
05:08:00	5	165	64	2
15:31:00	1.1	296	156	2
04:12:00	0.2	127	183	1
22:35:00	4.4	9	156	2
15:45:00	4.4	122	104	1
23:15:00	0.7	103	191	1
12:07:00	3.1	174	8	2
14:32:00	0.2	243	58	1
16:51:00	1.5	234	177	1
10:38:00	0.9	243	171	1
00:53:00	2.3	231	47	1
07:40:00	1.6	35	71	1
11:29:00	0.2	237	199	2
14:42:00	4.2	86	88	2