50
2	4	48	30
4	4	24	25
2	2	12	20
4	2	6	15
100	100
100
13:37:00	2.4	46	107	1
05:29:00	0.7	186	129	1
17:57:00	0.5	69	126	2
22:35:00	2.4	91	42	2
03:51:00	1.7	298	197	1
03:59:00	0.2	95	14	1
16:09:00	0.1	183	72	1
18:59:00	3.7	218	181	1
05:12:00	3.2	164	39	2
10:35:00	1.3	84	49	1
00:49:00	1.3	54	169	1
09:25:00	4.4	28	13	1
17:49:00	3.2	68	138	1
16:42:00	3.8	157	172	2
12:01:00	4.8	265	31	1
01:48:00	1.4	162	198	2
03:04:00	2	57	30	2
18:37:00	0.5	225	17	1
09:15:00	2	169	6	2
07:39:00	3.2	39	58	1
12:22:00	2	19	167	1
14:22:00	0.7	11	158	1
20:05:00	4.9	215	97	1
03:10:00	0.8	161	161	1
01:48:00	0.3	141	11	1
05:18:00	4.3	300	99	1
17:02:00	2.2	252	10	1
19:08:00	3.8	120	194	1
04:21:00	4.8	36	153	2
07:19:00	1.5	110	27	1
16:04:00	2.1	217	61	2
16:28:00	5	220	76	1
19:59:00	2.1	196	162	1
22:04:00	4.9	58	150	1
18:15:00	0.9	296	1	1
02:05:00	4.1	120	199	1
13:24:00	1.8	54	59	1
08:18:00	0.2	282	45	1
05:50:00	2.3	26	180	1
12:03:00	0.5	71	41	1
03:33:00	4.1	248	91	1
05:57:00	2.4	123	59	1
21:09:00	1.8	263	31	2
15:08:00	2.8	169	122	2
05:39:00	4.8	3	121	2
02:52:00	3.1	66	49	1
06:01:00	3.6	263	57	1
01:22:00	1	71	114	1
00:36:00	1.6	94	70	1
07:45:00	1	22	54	1
01:39:00	4.1	154	102	1
04:23:00	3.8	5	97	1
05:40:00	2.4	135	42	1
01:39:00	4.2	222	5	1
01:01:00	1.2	215	96	1
16:18:00	1.2	271	116	1
06:30:00	4.6	84	39	1
15:54:00	3.4	64	66	2
09:20:00	2.8	244	144	2
21:01:00	2.7	100	74	1
15:09:00	5	142	162	2
11:45:00	2.1	10	196	1
18:12:00	4.9	21	81	1
02:50:00	1.1	250	55	1
09:18:00	0.9	101	53	1
13:22:00	3.3	88	190	1
10:36:00	0.4	35	103	1
08:08:00	4	299	33	1
06:31:00	1.6	53	29	1
11:40:00	2.4	2	32	1
21:09:00	2.7	233	61	1
13:03:00	0.2	112	149	1
14:49:00	4.5	270	153	2
13:57:00	0.6	116	129	2
22:11:00	3.6	198	20	1
21:26:00	4.5	129	164	1
06:13:00	1.9	292	95	1
22:58:00	3.5	153	123	2
05:09:00	4.1	135	60	1
17:43:00	4.6	121	44	1
08:51:00	2	122	4	2
00:05:00	1.7	268	112	1
10:38:00	2.2	225	139	1
05:12:00	3.5	177	31	1
12:28:00	1.7	275	76	2
03:40:00	1.5	108	177	1
10:55:00	2.1	165	64	2
07:07:00	0.1	296	156	2
00:09:00	1.7	127	183	1
08:08:00	2.5	9	156	2
04:15:00	2.3	122	104	1
18:10:00	0.3	103	191	1
21:21:00	2.2	174	8	2
08:40:00	2.7	243	58	1
02:44:00	0.6	234	177	1
19:24:00	1.4	243	171	1
15:05:00	1.5	231	47	1
21:08:00	3.6	35	71	1
10:06:00	3.1	237	199	2
06:37:00	3	86	88	2