50
2	4	48	30
4	4	24	25
4	2	12	20
6	2	6	15
100	100
5
17:36:00	3.6	46	107	1
12:15:00	3.3	186	129	1
22:44:00	4.3	69	126	2
13:59:00	0.1	91	42	2
12:26:00	2.6	298	197	1
10:03:00	0.4	95	14	1
17:50:00	3.9	183	72	1
14:44:00	3.1	218	181	1
23:36:00	1.1	164	39	2
14:26:00	4.8	84	49	1
17:22:00	3.3	54	169	1
04:32:00	0.9	28	13	1
11:44:00	3.4	68	138	1
06:28:00	1.3	157	172	2
06:56:00	4.5	265	31	1
02:15:00	3.6	162	198	2
23:17:00	0.1	57	30	2
08:21:00	3.1	225	17	1
02:38:00	0.4	169	6	2
08:26:00	0.2	39	58	1
11:47:00	2.2	19	167	1
04:50:00	1.3	11	158	1
17:55:00	0.5	215	97	1
09:34:00	4.4	161	161	1
03:41:00	4.4	141	11	1
19:35:00	2.1	300	99	1
08:38:00	1.7	252	10	1
13:07:00	1.3	120	194	1
19:07:00	2.2	36	153	2
09:41:00	0.9	110	27	1
19:07:00	3.6	217	61	2
08:41:00	2.2	220	76	1
05:48:00	0.5	196	162	1
14:44:00	1.8	58	150	1
22:33:00	0.8	296	1	1
16:12:00	4.1	120	199	1
22:55:00	2.8	54	59	1
03:38:00	2.2	282	45	1
16:12:00	3.5	26	180	1
07:06:00	3.1	71	41	1
12:44:00	0.5	248	91	1
10:01:00	3.7	123	59	1
23:42:00	3.1	263	31	2
12:39:00	3.2	169	122	2
11:31:00	1.1	3	121	2
11:24:00	2.3	66	49	1
12:08:00	3	263	57	1
13:11:00	2.9	71	114	1
18:52:00	3.1	94	70	1
11:03:00	1.6	22	54	1
12:06:00	1.8	154	102	1
06:35:00	4.3	5	97	1
15:47:00	4.1	135	42	1
21:32:00	3.5	222	5	1
02:20:00	4.3	215	96	1
04:03:00	2.6	271	116	1
04:18:00	1.5	84	39	1
13:44:00	4.2	64	66	2
17:48:00	3.6	244	144	2
07:56:00	3.2	100	74	1
02:55:00	2.8	142	162	2
14:10:00	1.8	10	196	1
06:28:00	2.8	21	81	1
05:08:00	4.7	250	55	1
03:49:00	4.5	101	53	1
06:00:00	2.4	88	190	1
08:20:00	4.2	35	103	1
04:47:00	2.3	299	33	1
23:55:00	1	53	29	1
09:20:00	4.8	2	32	1
00:13:00	2.2	233	61	1
01:34:00	4	112	149	1
15:59:00	1.5	270	153	2
03:32:00	1.6	116	129	2
05:15:00	4	198	20	1
01:14:00	0.8	129	164	1
06:48:00	2.6	292	95	1
20:55:00	3.4	153	123	2
01:02:00	2.4	135	60	1
16:47:00	4.7	121	44	1
08:25:00	0.8	122	4	2
06:46:00	2.6	268	112	1
14:26:00	2.2	225	139	1
02:47:00	2	177	31	1
14:09:00	2.2	275	76	2
17:55:00	4.2	108	177	1
07:34:00	4.7	165	64	2
15:31:00	3.2	296	156	2
14:27:00	4.6	127	183	1
15:10:00	0.5	9	156	2
08:15:00	4.9	122	104	1
03:00:00	1.1	103	191	1
06:25:00	1.4	174	8	2
19:53:00	4.4	243	58	1
09:19:00	3.1	234	177	1
06:11:00	3.5	243	171	1
02:54:00	4.9	231	47	1
17:41:00	3.4	35	71	1
23:13:00	3.2	237	199	2
11:23:00	1.5	86	88	2