50
2	4	48	30
4	4	24	25
4	2	12	20
6	2	6	15
100	100
100
20:41:00	0.2	46	107	1
22:47:00	2	186	129	1
15:35:00	4.7	69	126	2
12:49:00	0.9	91	42	2
00:17:00	0.9	298	197	1
22:47:00	1.7	95	14	1
16:44:00	2.4	183	72	1
05:01:00	0.5	218	181	1
13:53:00	4.1	164	39	2
11:30:00	4	84	49	1
15:14:00	4.9	54	169	1
08:48:00	1.5	28	13	1
05:57:00	0.9	68	138	1
14:42:00	1.6	157	172	2
05:18:00	3.5	265	31	1
04:02:00	1.1	162	198	2
03:48:00	1.9	57	30	2
14:09:00	2.5	225	17	1
12:33:00	0.3	169	6	2
01:58:00	1.8	39	58	1
17:58:00	1.4	19	167	1
02:12:00	2.7	11	158	1
09:09:00	3.6	215	97	1
05:32:00	1	161	161	1
11:36:00	3.4	141	11	1
12:55:00	4.5	300	99	1
15:50:00	0.4	252	10	1
12:50:00	4.5	120	194	1
00:33:00	0.2	36	153	2
08:34:00	1.2	110	27	1
11:17:00	0.4	217	61	2
13:40:00	4.3	220	76	1
06:11:00	3.5	196	162	1
13:33:00	0.1	58	150	1
20:25:00	2.5	296	1	1
09:59:00	2.8	120	199	1
05:04:00	1.1	54	59	1
04:42:00	2.4	282	45	1
21:23:00	1.8	26	180	1
03:04:00	2.4	71	41	1
14:51:00	4.3	248	91	1
07:01:00	3.4	123	59	1
01:17:00	0.1	263	31	2
14:17:00	4.4	169	122	2
14:11:00	1.7	3	121	2
05:44:00	1.3	66	49	1
09:45:00	2.7	263	57	1
18:22:00	4.3	71	114	1
04:03:00	3.3	94	70	1
03:09:00	1.8	22	54	1
23:18:00	4.3	154	102	1
13:32:00	3.1	5	97	1
18:48:00	4.7	135	42	1
04:14:00	0.1	222	5	1
13:19:00	2.2	215	96	1
05:23:00	2.2	271	116	1
10:25:00	3.5	84	39	1
16:35:00	4.8	64	66	2
08:47:00	1.5	244	144	2
02:16:00	4.4	100	74	1
06:33:00	2.8	142	162	2
10:06:00	3.1	10	196	1
01:43:00	3.3	21	81	1
13:27:00	2	250	55	1
10:08:00	1.6	101	53	1
20:58:00	2.1	88	190	1
10:23:00	4	35	103	1
05:17:00	2	299	33	1
09:49:00	3.8	53	29	1
08:45:00	0.8	2	32	1
18:23:00	1.4	233	61	1
11:54:00	2.3	112	149	1
06:55:00	3.7	270	153	2
03:10:00	3.6	116	129	2
17:16:00	1.2	198	20	1
22:07:00	0.1	129	164	1
20:51:00	4.4	292	95	1
09:42:00	4.2	153	123	2
07:36:00	0.5	135	60	1
04:47:00	3.1	121	44	1
06:56:00	3.5	122	4	2
07:46:00	2.4	268	112	1
07:14:00	1	225	139	1
10:36:00	3	177	31	1
08:33:00	4.5	275	76	2
13:50:00	4.4	108	177	1
05:08:00	4.3	165	64	2
15:31:00	1.7	296	156	2
04:12:00	4.7	127	183	1
22:35:00	1.7	9	156	2
15:45:00	4.1	122	104	1
23:15:00	1.3	103	191	1
12:07:00	1.1	174	8	2
14:32:00	2.8	243	58	1
16:51:00	1.3	234	177	1
10:38:00	1.5	243	171	1
00:53:00	2.5	231	47	1
07:40:00	2.2	35	71	1
11:29:00	3.2	237	199	2
14:42:00	3.3	86	88	2