50
2	4	48	30
4	4	24	25
4	2	12	20
6	2	6	15
100	100
100
20:45:00	1.8	46	107	1
20:33:00	1.7	186	129	1
14:31:00	2.1	69	126	2
09:02:00	0.5	91	42	2
22:29:00	0.2	298	197	1
03:05:00	4.3	95	14	1
18:58:00	2.2	183	72	1
10:33:00	1.1	218	181	1
21:35:00	1.7	164	39	2
20:58:00	2.1	84	49	1
08:22:00	2	54	169	1
23:53:00	0.3	28	13	1
13:24:00	3	68	138	1
04:49:00	2.4	157	172	2
09:08:00	2.1	265	31	1
09:15:00	2.6	162	198	2
08:18:00	0.9	57	30	2
20:57:00	1.5	225	17	1
22:22:00	1	169	6	2
07:58:00	0.4	39	58	1
09:04:00	0.5	19	167	1
16:08:00	3.4	11	158	1
12:49:00	1.6	215	97	1
22:14:00	2.5	161	161	1
13:36:00	0.1	141	11	1
22:44:00	4.1	300	99	1
04:29:00	4.7	252	10	1
00:03:00	4.7	120	194	1
07:27:00	3.4	36	153	2
13:13:00	1.7	110	27	1
02:18:00	1.9	217	61	2
22:06:00	1.7	220	76	1
02:04:00	3.4	196	162	1
03:39:00	1.1	58	150	1
15:54:00	0.7	296	1	1
17:52:00	2.1	120	199	1
15:31:00	1.4	54	59	1
01:19:00	4.9	282	45	1
12:25:00	0.3	26	180	1
15:10:00	1.4	71	41	1
02:24:00	3.6	248	91	1
03:09:00	4.5	123	59	1
02:15:00	4.4	263	31	2
14:39:00	2.5	169	122	2
15:58:00	3.7	3	121	2
19:47:00	3.4	66	49	1
14:23:00	1.7	263	57	1
03:45:00	4.9	71	114	1
17:15:00	2.8	94	70	1
23:53:00	0.5	22	54	1
16:27:00	0.1	154	102	1
02:56:00	4.3	5	97	1
17:42:00	3.9	135	42	1
01:08:00	0.1	222	5	1
23:46:00	0.8	215	96	1
08:28:00	2	271	116	1
20:29:00	2.3	84	39	1
09:23:00	2.6	64	66	2
21:11:00	2.2	244	144	2
07:26:00	4	100	74	1
04:45:00	1	142	162	2
13:58:00	2.6	10	196	1
17:54:00	3.6	21	81	1
20:58:00	2.9	250	55	1
22:26:00	0.6	101	53	1
08:14:00	1.7	88	190	1
16:08:00	0.1	35	103	1
15:44:00	0.3	299	33	1
08:07:00	1.9	53	29	1
01:48:00	2.8	2	32	1
12:47:00	3.1	233	61	1
15:24:00	1.1	112	149	1
06:09:00	0.3	270	153	2
17:24:00	2.2	116	129	2
02:06:00	1.7	198	20	1
12:47:00	2.2	129	164	1
19:17:00	2.9	292	95	1
12:40:00	4.5	153	123	2
22:22:00	0.8	135	60	1
02:07:00	2	121	44	1
19:13:00	3.7	122	4	2
16:05:00	1.2	268	112	1
19:32:00	0.1	225	139	1
12:39:00	2.8	177	31	1
10:45:00	0.6	275	76	2
07:36:00	2.9	108	177	1
09:01:00	1.2	165	64	2
07:46:00	2.6	296	156	2
08:18:00	0.4	127	183	1
14:34:00	2.4	9	156	2
09:52:00	0.9	122	104	1
19:03:00	0.7	103	191	1
11:10:00	0.3	174	8	2
14:37:00	2.9	243	58	1
13:15:00	4.6	234	177	1
08:06:00	3.3	243	171	1
16:01:00	0.2	231	47	1
19:52:00	4.3	35	71	1
11:18:00	4.1	237	199	2
09:39:00	2.1	86	88	2