50
2	4	48	30
4	4	24	25
4	2	12	20
6	2	6	15
100	100
5
03:17:00	2.9	46	107	1
13:51:00	1	186	129	1
11:17:00	1.6	69	126	2
04:48:00	2.7	91	42	2
16:45:00	4.2	298	197	1
17:06:00	4.2	95	14	1
09:24:00	4.5	183	72	1
19:22:00	2.7	218	181	1
09:17:00	3.8	164	39	2
20:49:00	1.7	84	49	1
22:20:00	2.9	54	169	1
01:58:00	4.9	28	13	1
12:14:00	3.3	68	138	1
01:31:00	0.6	157	172	2
11:39:00	2.6	265	31	1
15:22:00	4.3	162	198	2
21:08:00	2.2	57	30	2
11:08:00	3.4	225	17	1
09:02:00	2	169	6	2
06:29:00	0.6	39	58	1
04:22:00	2.5	19	167	1
09:34:00	5	11	158	1
02:41:00	3.2	215	97	1
11:43:00	0.4	161	161	1
21:23:00	3.3	141	11	1
11:48:00	1.6	300	99	1
13:58:00	2.1	252	10	1
18:00:00	2.8	120	194	1
20:43:00	4.3	36	153	2
20:41:00	2.3	110	27	1
14:10:00	2.4	217	61	2
08:10:00	4.2	220	76	1
19:08:00	4.1	196	162	1
13:33:00	4.1	58	150	1
06:51:00	1.8	296	1	1
21:54:00	1.3	120	199	1
02:13:00	2.9	54	59	1
21:28:00	4.3	282	45	1
12:05:00	3.5	26	180	1
11:32:00	3.1	71	41	1
03:36:00	0.7	248	91	1
04:44:00	4.6	123	59	1
16:47:00	4.5	263	31	2
23:17:00	3.8	169	122	2
02:58:00	2	3	121	2
20:36:00	1.7	66	49	1
15:38:00	2.7	263	57	1
05:04:00	1.9	71	114	1
04:20:00	2.4	94	70	1
12:39:00	5	22	54	1
14:21:00	1.5	154	102	1
04:29:00	1.4	5	97	1
13:35:00	1.9	135	42	1
07:31:00	2.3	222	5	1
06:16:00	0.4	215	96	1
17:18:00	0.1	271	116	1
03:51:00	2.9	84	39	1
16:37:00	4.3	64	66	2
02:53:00	3.6	244	144	2
11:56:00	1.6	100	74	1
12:01:00	4.3	142	162	2
11:39:00	3.2	10	196	1
07:06:00	1.3	21	81	1
14:43:00	0.1	250	55	1
05:58:00	2.3	101	53	1
08:31:00	0.6	88	190	1
10:36:00	1.9	35	103	1
08:20:00	3.8	299	33	1
15:31:00	3.3	53	29	1
02:31:00	4.8	2	32	1
13:32:00	0.8	233	61	1
20:15:00	0.4	112	149	1
09:18:00	1.6	270	153	2
01:54:00	4.3	116	129	2
09:46:00	1.6	198	20	1
00:27:00	3.6	129	164	1
10:51:00	4.5	292	95	1
15:39:00	2.3	153	123	2
04:16:00	0.4	135	60	1
04:00:00	3	121	44	1
14:28:00	1.7	122	4	2
12:30:00	2.1	268	112	1
08:53:00	2.3	225	139	1
16:11:00	3.7	177	31	1
20:19:00	1.3	275	76	2
02:06:00	4.1	108	177	1
04:47:00	2.9	165	64	2
05:44:00	4.8	296	156	2
18:36:00	2.5	127	183	1
05:31:00	0.8	9	156	2
17:18:00	4.7	122	104	1
03:20:00	0.8	103	191	1
10:10:00	1.5	174	8	2
22:23:00	3.5	243	58	1
03:37:00	3.2	234	177	1
03:41:00	1	243	171	1
15:53:00	0.9	231	47	1
13:21:00	3.3	35	71	1
22:42:00	0.9	237	199	2
04:22:00	4.6	86	88	2