50
3	4	48	30
4	4	24	25
5	2	12	20
6	2	6	15
100	100
20
09:16:00	2.8	46	107	1
22:40:00	2.8	186	129	1
18:02:00	3.7	69	126	2
03:03:00	3.1	91	42	2
23:39:00	4.9	298	197	1
07:32:00	1.7	95	14	1
01:23:00	1.3	183	72	1
21:24:00	2.1	218	181	1
13:16:00	1.5	164	39	2
18:27:00	1.8	84	49	1
21:50:00	1.3	54	169	1
04:38:00	1.4	28	13	1
14:55:00	2.4	68	138	1
12:17:00	0.2	157	172	2
10:39:00	1.3	265	31	1
18:25:00	3.1	162	198	2
02:49:00	4.4	57	30	2
19:45:00	2.9	225	17	1
23:07:00	3.7	169	6	2
13:17:00	0.3	39	58	1
03:44:00	3.9	19	167	1
03:05:00	3.9	11	158	1
20:08:00	1	215	97	1
15:09:00	0.9	161	161	1
04:52:00	2.9	141	11	1
22:31:00	0.6	300	99	1
02:28:00	3.6	252	10	1
10:25:00	1	120	194	1
19:36:00	2.5	36	153	2
01:30:00	4.3	110	27	1
04:39:00	4.2	217	61	2
17:06:00	0.8	220	76	1
03:09:00	2.4	196	162	1
13:14:00	2.2	58	150	1
17:40:00	5	296	1	1
17:53:00	4.7	120	199	1
07:45:00	4.3	54	59	1
17:05:00	1.4	282	45	1
01:07:00	0.5	26	180	1
21:50:00	0.7	71	41	1
14:49:00	4	248	91	1
21:38:00	2.6	123	59	1
23:49:00	5	263	31	2
18:40:00	1.9	169	122	2
15:07:00	1.7	3	121	2
05:41:00	1.9	66	49	1
06:38:00	1.8	263	57	1
20:31:00	1.4	71	114	1
11:05:00	3.6	94	70	1
22:56:00	2.4	22	54	1
12:19:00	3.7	154	102	1
04:42:00	0.9	5	97	1
22:34:00	2.4	135	42	1
16:05:00	2.5	222	5	1
17:58:00	3.7	215	96	1
20:37:00	0.1	271	116	1
21:23:00	1.9	84	39	1
08:26:00	4.3	64	66	2
14:09:00	1.9	244	144	2
22:42:00	3.2	100	74	1
23:27:00	1.2	142	162	2
12:09:00	4.1	10	196	1
12:27:00	3.8	21	81	1
00:03:00	4.6	250	55	1
05:22:00	4	101	53	1
00:58:00	2.1	88	190	1
12:30:00	5	35	103	1
06:51:00	0.7	299	33	1
17:45:00	2.8	53	29	1
21:09:00	2.3	2	32	1
04:48:00	3.4	233	61	1
01:56:00	4.2	112	149	1
07:25:00	2.9	270	153	2
04:35:00	2.5	116	129	2
00:29:00	0.7	198	20	1
03:32:00	4.3	129	164	1
22:09:00	4.2	292	95	1
12:38:00	1.6	153	123	2
19:42:00	2.6	135	60	1
11:27:00	2.7	121	44	1
05:52:00	3.1	122	4	2
05:58:00	0.3	268	112	1
11:16:00	4.7	225	139	1
06:35:00	0.4	177	31	1
20:24:00	3.3	275	76	2
06:42:00	4.1	108	177	1
01:17:00	2.1	165	64	2
22:03:00	4.6	296	156	2
16:52:00	0.4	127	183	1
11:50:00	0.8	9	156	2
08:56:00	0.8	122	104	1
00:40:00	3.6	103	191	1
10:51:00	3.5	174	8	2
08:29:00	4.1	243	58	1
00:45:00	2.6	234	177	1
05:57:00	1	243	171	1
15:50:00	0.8	231	47	1
14:32:00	3.2	35	71	1
09:36:00	1.1	237	199	2
07:31:00	2	86	88	2