50
2	4	48	30
4	4	24	25
4	2	12	20
6	2	6	15
100	100
100
21:46:00	3.7	46	107	1
20:17:00	0.1	186	129	1
21:22:00	2.8	69	126	2
03:13:00	1.2	91	42	2
15:47:00	4.6	298	197	1
22:31:00	3.9	95	14	1
13:20:00	3.7	183	72	1
10:42:00	2.8	218	181	1
06:03:00	4.5	164	39	2
15:35:00	3.3	84	49	1
20:21:00	5	54	169	1
08:02:00	1.2	28	13	1
16:56:00	4.7	68	138	1
08:41:00	3.2	157	172	2
02:24:00	0.7	265	31	1
09:23:00	4.4	162	198	2
20:52:00	2	57	30	2
12:25:00	1.6	225	17	1
02:45:00	1.6	169	6	2
16:12:00	3.7	39	58	1
07:06:00	0.1	19	167	1
20:05:00	3.7	11	158	1
16:04:00	0.4	215	97	1
15:22:00	3.7	161	161	1
03:09:00	4.6	141	11	1
11:49:00	0.9	300	99	1
02:46:00	3.5	252	10	1
10:37:00	1.6	120	194	1
07:51:00	3.6	36	153	2
03:49:00	0.3	110	27	1
01:15:00	3.3	217	61	2
20:27:00	4	220	76	1
03:36:00	1.4	196	162	1
03:07:00	2	58	150	1
09:17:00	3.8	296	1	1
13:51:00	3.6	120	199	1
16:20:00	1.1	54	59	1
22:46:00	4.9	282	45	1
16:12:00	4	26	180	1
09:55:00	5	71	41	1
21:01:00	1.5	248	91	1
15:40:00	3.6	123	59	1
17:43:00	0.8	263	31	2
10:10:00	3.5	169	122	2
14:35:00	4.7	3	121	2
17:39:00	1.1	66	49	1
05:13:00	2	263	57	1
02:46:00	4.5	71	114	1
04:55:00	4.3	94	70	1
02:58:00	1.1	22	54	1
20:50:00	2.2	154	102	1
12:21:00	4.8	5	97	1
06:11:00	2	135	42	1
05:18:00	1.8	222	5	1
06:06:00	4.7	215	96	1
17:42:00	0.8	271	116	1
20:06:00	1.1	84	39	1
06:40:00	4.9	64	66	2
17:44:00	3.2	244	144	2
05:12:00	4.8	100	74	1
20:48:00	4.7	142	162	2
19:27:00	3.8	10	196	1
22:44:00	4.8	21	81	1
16:21:00	2	250	55	1
02:39:00	5	101	53	1
00:16:00	2.1	88	190	1
23:34:00	2.5	35	103	1
14:58:00	5	299	33	1
06:18:00	4.7	53	29	1
17:28:00	3.5	2	32	1
21:15:00	0.4	233	61	1
00:45:00	0.5	112	149	1
11:10:00	3.3	270	153	2
22:21:00	1.7	116	129	2
20:05:00	4.3	198	20	1
03:45:00	1.9	129	164	1
14:47:00	1.2	292	95	1
10:12:00	1.5	153	123	2
05:33:00	1.9	135	60	1
20:12:00	0.4	121	44	1
14:50:00	4.4	122	4	2
10:19:00	3.7	268	112	1
03:18:00	1	225	139	1
06:02:00	3	177	31	1
07:48:00	0.6	275	76	2
16:19:00	4.8	108	177	1
15:50:00	4.5	165	64	2
17:07:00	4.3	296	156	2
14:08:00	2.4	127	183	1
02:22:00	1.3	9	156	2
15:42:00	0.6	122	104	1
00:21:00	1	103	191	1
20:33:00	1.7	174	8	2
07:03:00	2.4	243	58	1
13:20:00	1.2	234	177	1
02:55:00	4.1	243	171	1
02:04:00	4.1	231	47	1
21:34:00	4	35	71	1
03:34:00	1.4	237	199	2
11:41:00	0.5	86	88	2